Epoch	AverageEpRet	StdEpRet	MaxEpRet	MinEpRet	AverageTestEpRet	StdTestEpRet	MaxTestEpRet	MinTestEpRet	EpLen	TestEpLen	TotalEnvInteracts	AverageQ1Vals	StdQ1Vals	MaxQ1Vals	MinQ1Vals	AverageQ2Vals	StdQ2Vals	MaxQ2Vals	MinQ2Vals	AverageLogPi	StdLogPi	MaxLogPi	MinLogPi	LossPi	LossQ	Time
1	-6.5367527	0.045206413	-6.450187	-6.606327	-2.899231	0.002389741	-2.8920615	-2.9000273	4.0	4.0	44	-1.4374167	1.7964289	1.7191112	-4.229041	-1.3111821	2.0622668	2.4591303	-4.3847194	-13.304278	33.54805	210.51675	-39.168083	-1.2192789	97.80977	327.61636328697205
2	-6.573921	0.029483512	-6.5249305	-6.6144643	-2.2917774	0.0008618831	-2.2891917	-2.2920647	4.0	4.0	89	5.01027	1.461962	6.926386	1.234157	5.3304687	1.0650824	6.7811975	1.7534717	-33.676414	1.4158236	-28.405571	-38.870922	-11.662752	3.048322	599.7767817974091
3	-6.5312176	0.031738654	-6.4688616	-6.579237	-2.3187478	1.645261e-05	-2.318742	-2.3187969	4.0	4.0	134	6.6000233	0.35708508	7.3117805	5.54243	6.647138	0.2942655	7.2728176	5.77026	-33.88127	1.2239846	-28.646313	-38.93931	-13.351891	0.15761943	871.1379985809326
4	-6.5618463	0.041893348	-6.4402995	-6.5949826	-2.471128	0.00022637872	-2.471053	-2.4718075	4.0	4.0	179	7.6245174	0.28104377	8.285685	6.897211	7.6198196	0.28488415	8.368796	6.895135	-33.978382	1.0911366	-29.991215	-39.18212	-14.385115	0.103604764	1147.0909843444824
5	-6.5487537	0.044157345	-6.4295654	-6.6073604	-2.5571437	6.694809e-05	-2.5571215	-2.5573447	4.0	4.0	224	8.522653	0.26138455	9.056615	7.8608685	8.521648	0.2631709	9.160425	7.8934026	-34.057262	0.9957127	-30.40416	-39.083946	-15.31037	0.07883513	1420.162971496582
6	-6.55399	0.048823003	-6.413856	-6.6093254	-2.4420562	7.8034696e-05	-2.4418223	-2.4420824	4.0	4.0	269	9.36289	0.25155935	9.888257	8.809062	9.360649	0.2518916	9.879733	8.806997	-34.08361	0.9894782	-30.802662	-38.3875	-16.159506	0.07607804	1693.1909489631653
7	-6.561566	0.031302273	-6.5109515	-6.61186	-2.3607948	0.000110078065	-2.3604643	-2.3608313	4.0	4.0	314	10.212015	0.25779247	10.749595	9.668155	10.209849	0.26052028	10.756634	9.672142	-34.117107	0.94984394	-30.0752	-38.901443	-17.016792	0.07435153	1966.5381717681885
8	-6.5380282	0.029923964	-6.4881215	-6.5913506	-2.5501728	0.00032408236	-2.5500648	-2.551145	4.0	4.0	359	11.100267	0.26517886	11.697831	10.564936	11.098222	0.26831576	11.711823	10.561523	-34.132015	0.91995883	-31.226738	-39.18477	-17.908455	0.06988285	2241.948844432831
9	-6.5730267	0.034448653	-6.5118847	-6.626267	-2.213456	0.00061004166	-2.211626	-2.2136595	4.0	4.0	404	12.006183	0.2669459	12.579898	11.422505	12.000863	0.26660302	12.567496	11.455107	-34.123978	0.89287716	-31.264145	-38.38374	-18.81631	0.06556765	2512.5705490112305
10	-6.5518537	0.034026153	-6.4902043	-6.596069	-2.3064098	0.00011565727	-2.306371	-2.3067565	4.0	4.0	449	12.906838	0.2672262	13.442035	12.3169565	12.906528	0.26473966	13.429826	12.382444	-34.13801	0.8974379	-31.227455	-38.772697	-19.725315	0.06401174	2783.2416961193085
11	-6.5497985	0.066339515	-6.36605	-6.6242185	-2.1383781	0.00026993753	-2.1375682	-2.138468	4.0	4.0	494	13.83033	0.2630401	14.353459	13.266509	13.829077	0.26366505	14.381308	13.268381	-34.11584	0.91055435	-30.724365	-38.51492	-20.647045	0.06985711	3053.251452922821
12	-6.569611	0.01919602	-6.547008	-6.6083913	-2.0530577	7.0309674e-05	-2.0528467	-2.053081	4.0	4.0	539	14.775448	0.28755692	15.404822	14.117955	14.774013	0.28805402	15.349467	14.092843	-34.12997	0.87689394	-31.269955	-40.053257	-21.590757	0.07056841	3324.7411007881165
13	-6.5665956	0.05151952	-6.4234347	-6.6149025	-2.2674332	8.72612e-05	-2.267404	-2.267695	4.0	4.0	584	15.72304	0.28169614	16.292759	15.141245	15.724072	0.28599855	16.305687	15.13084	-34.156464	0.8660733	-31.404442	-38.361534	-22.552113	0.06710445	3594.528215646744
14	-6.540424	0.06361662	-6.346573	-6.584495	-2.50775	8.404264e-05	-2.507722	-2.508002	4.0	4.0	629	16.67059	0.2806399	17.313929	16.084326	16.666855	0.2838485	17.304441	16.072731	-34.14005	0.8684584	-30.964962	-38.322178	-23.493853	0.06433099	3864.525531768799
15	-6.563277	0.043361273	-6.481281	-6.629018	-2.4326336	7.18833e-05	-2.432418	-2.4326577	4.0	4.0	674	17.653215	0.29163268	18.36424	17.07216	17.654041	0.29054976	18.380247	17.028454	-34.175415	0.86396265	-31.54132	-40.306843	-24.491055	0.068490796	4134.09431552887
16	-6.5378327	0.04967233	-6.4144464	-6.609375	-2.2073948	9.963515e-05	-2.2073617	-2.2076938	4.0	4.0	719	18.627722	0.29135913	19.20565	17.99015	18.627136	0.29028803	19.187042	17.94882	-34.14066	0.8746683	-31.154942	-38.432587	-25.457582	0.06475763	4407.704319477081
17	-6.557923	0.032431766	-6.503694	-6.6084213	-2.4261384	0.00020713809	-2.4260693	-2.4267597	4.0	4.0	764	19.614655	0.28347242	20.204636	19.034346	19.614355	0.28460506	20.263557	18.998747	-34.1535	0.86531836	-31.111073	-40.29489	-26.451836	0.06620276	4681.4226269721985
18	-6.5358686	0.056963585	-6.405266	-6.6032133	-2.1947494	9.8919896e-05	-2.1944525	-2.1947823	4.0	4.0	809	20.605867	0.29731882	21.31788	20.015493	20.60573	0.2964077	21.282822	19.965366	-34.178364	0.86541337	-30.8236	-39.501003	-27.447779	0.062774666	4953.437344312668
19	-6.5425096	0.061311845	-6.4030366	-6.623754	-2.4986706	0.00017266277	-2.498613	-2.4991887	4.0	4.0	854	21.600187	0.2964059	22.22576	20.951433	21.600285	0.29772606	22.227655	20.944954	-34.16298	0.85233694	-31.268135	-38.83085	-28.437511	0.06600609	5224.344436645508
20	-6.546337	0.028378004	-6.486467	-6.5940394	-2.4035485	4.2557884e-05	-2.4034207	-2.4035625	4.0	4.0	899	22.613504	0.29331833	23.239515	21.976078	22.613148	0.29425642	23.281807	21.952213	-34.15266	0.83971417	-31.374977	-39.412224	-29.452515	0.06369043	5498.059957027435
